name: opencvforge
channels:
  - conda-forge
  - defaults
dependencies:
  - blas=1.1=openblas
  - bzip2=1.0.6=1
  - ca-certificates=2018.10.15=ha4d7672_0
  - cairo=1.14.12=he6fea26_5
  - certifi=2018.10.15=py36_1000
  - dbus=1.13.0=h3a4f0e9_0
  - expat=2.2.5=hfc679d8_1
  - ffmpeg=4.0.2=ha0c5888_2
  - fontconfig=2.13.1=h65d0f4c_0
  - freetype=2.9.1=h6debe1e_4
  - gettext=0.19.8.1=0
  - giflib=5.1.4=h470a237_0
  - glib=2.55.0=0
  - gmp=6.1.2=hfc679d8_0
  - gnutls=3.5.19=h2a4e5f8_1
  - graphite2=1.3.11=hfc679d8_0
  - gst-plugins-base=1.12.5=hde13a9d_0
  - gstreamer=1.12.5=h61a6719_0
  - harfbuzz=1.9.0=h08d66d9_0
  - hdf5=1.10.3=hc401514_2
  - icu=58.2=hfc679d8_0
  - jasper=1.900.1=4
  - jpeg=9c=h470a237_0
  - libedit=3.1.20170329=0
  - libffi=3.2.1=3
  - libgcc-ng=7.2.0=hdf63c60_3
  - libgfortran=3.0.0=1
  - libiconv=1.15=h470a237_1
  - libpng=1.6.34=ha92aebf_1
  - libstdcxx-ng=7.2.0=hdf63c60_3
  - libtiff=4.0.9=he6b73bb_1
  - libuuid=2.32.1=h470a237_2
  - libwebp=0.5.2=7
  - libxcb=1.13=h470a237_1
  - libxml2=2.9.8=h422b904_2
  - ncurses=5.9=10
  - nettle=3.3=0
  - numpy=1.14.5=py36_blas_openblashd3ea46f_201
  - openblas=0.2.20=8
  - opencv=3.4.3=py36_blas_openblash1006a3a_201
  - openh264=1.8.0=hd28b015_0
  - openssl=1.0.2p=h470a237_1
  - pcre=8.41=1
  - pip=9.0.3=py36_0
  - pixman=0.34.0=2
  - pthread-stubs=0.4=h470a237_1
  - python=3.6.3=h1284df2_4
  - qt=5.6.2=hf70d934_9
  - readline=7.0=0
  - scipy=1.1.0=py36_blas_openblas_200
  - setuptools=40.0.0=py36_0
  - sqlite=3.24.0=h84994c4_0
  - tk=8.6.7=0
  - tqdm=4.23.4=py_0
  - wheel=0.31.1=py36_0
  - x264=1!152.20180717=h470a237_1
  - xorg-kbproto=1.0.7=h470a237_2
  - xorg-libice=1.0.9=h470a237_4
  - xorg-libsm=1.2.3=h8c8a85c_0
  - xorg-libx11=1.6.6=h470a237_0
  - xorg-libxau=1.0.8=h470a237_5
  - xorg-libxdmcp=1.1.2=h470a237_6
  - xorg-libxext=1.3.3=h470a237_4
  - xorg-libxrender=0.9.10=h470a237_2
  - xorg-renderproto=0.11.1=h470a237_2
  - xorg-xextproto=7.3.0=h470a237_2
  - xorg-xproto=7.0.31=h470a237_7
  - xz=5.2.4=h470a237_1
  - zlib=1.2.11=h470a237_3
prefix: /home/tyronelee/miniconda3/envs/opencvforge

